0.020594004711196042	1.1475494407763414e7	50695.20819132912	53053.42172920957	40827.0427063892	44741.55583065088	45323.77926598572	67694.64182265021	86149.30641216917	88.25609282955678	91.12247939632992	92.80501836566485	93.5734474599545	93.64325831357182	93.18399504496125	92.32792275414539
0.02111534442254062	1.130144295258366e7	33958.004070765965	52551.90360389909	47299.64975587384	37628.984394008396	57869.90217353283	63829.56335225286	54969.27973921082	95.12984367998195	98.21947633061534	100.0330584189072	100.86133596072064	100.93658397339449	100.44155137507568	99.51880462079377
0.021649881911512063	1.1124821924101468e7	45855.2904586011	49032.15189169108	54524.61247764714	53523.143755289246	59263.74094501171	104948.7965041538	31298.454973896725	102.53895077878477	105.86921684495816	107.82404823425621	108.71683546911059	108.7979441093573	108.26435631745822	107.26974221573752
0.02219795128144164	1.0944047922963187e7	35897.18599617542	41105.52380216997	41519.76547627127	42440.638376557356	65402.85058356136	89079.51633616652	77958.89200762629	110.5251098927909	114.11475090374807	116.22183267592423	117.18415388648587	117.2715796043076	116.69643378031405	115.62435500382297
0.022759895093526734	1.0761234041725622e7	56224.13701950152	25985.496422471075	39665.3861014166	45639.41966421987	67768.27458534022	50180.59333896872	39481.72798903096	119.13326422822357	123.00248138129986	125.27367142814647	126.31094220907102	126.40517700469077	125.78523643656062	124.62965971488107
0.023336064580942728	1.057689636704342e7	54827.160071729544	25063.249750125502	66504.40925160512	55519.71049847814	64306.716756815884	65244.08040134056	68859.1415317433	128.4118573547516	132.58242520038343	135.03050495552628	136.14856269046055	136.25013688312094	135.58191277024306	134.33633493681347
0.023926819868375145	1.0391577202021832e7	34296.38567282134	42043.14409291667	59171.669636520295	44066.822105779356	62821.55613753043	54940.042344330526	58557.63826073589	138.41310582834546	142.9084948093411	145.54724117751113	146.75237788977074	146.8618631021783	146.14159492166826	144.79900631632128
0.02453253019710936	1.0206471445944427e7	42751.99166495314	48460.29956328399	31454.383399130475	58133.708897035016	59690.977728332546	49950.17531105578	62853.25496871551	149.19329304708944	154.03880158176602	156.88306447022086	158.1820622320147	158.300074607225	157.52370895106677	156.07655397220498
0.02515357415581837	1.0020867857084101e7	41290.61565161543	47191.88748130376	43117.678243223185	47418.23746856545	55831.36134617507	38919.21766951369	87809.6433226084	160.8130859937444	166.03598284624854	169.10176873466335	170.50193783413556	170.629141502983	169.79230926691886	168.23244385132995
0.025790339917193067	9.834879382871145e6	50046.61598139306	50409.18620961448	44873.98983431726	57037.86107984901	47298.843310663025	57211.313533619796	67095.44696282409	173.33787664750886	178.96755438652843	182.27211640565662	183.78133648653613	183.9184473051212	183.0164391009183	181.33508489194188
0.02644322548056281	9.648664252454003e6	38026.22340056295	33567.35626981262	36650.485988193046	65387.223957765214	67889.03526249035	69210.4875450204	71785.64113587784	186.83814998634108	192.90629039581816	196.46822542185166	198.0949898272285	198.24277940549612	197.27051905821793	195.45821400433914
0.027112638920657902	9.462699489498176e6	38359.945233025814	44433.30351382807	39018.11071663942	43474.639583303	46264.065995021585	42623.82278764673	61574.00222327671	201.3898806508831	207.93063302360105	211.7699863346434	213.52344990442234	213.68274994850293	212.6347659296382	210.68131103549413
0.027798998642669673	9.276470535925746e6	36075.28708824167	41678.54325068784	37359.80738751271	47786.88760653738	53286.621857120495	47829.49880241887	64545.27076906502	217.0749605021349	224.12513381954864	228.26351190316763	230.15354249418596	230.32524948693566	229.195644122621	227.09004605275504
0.02850273364376729	9.089921401899097e6	46390.14097908108	31200.60164938048	48886.38258203552	40518.63688309951	45461.82795707219	60568.34249258095	52140.76417920724	233.9816594791564	241.5809295589863	246.04162170568748	248.07885572443323	248.2639359705142	247.04635225156514	244.77676146392344
0.029224283781234945	8.902825353474824e6	37439.69631863995	34428.68189911045	42136.039905530364	51166.81619605818	57884.452738573564	43101.06212725455	42901.35647808327	252.20512235027437	260.39625512761506	265.2043644945199	267.40026675496904	267.59976181886157	266.28734762583116	263.8409916868383
0.02996410004739703	8.714196565237468e6	41735.398307668685	44604.107395558975	45090.131927740666	41584.367909724	52023.376130149845	52484.556934018794	67762.38572819087	271.84790415327194	280.6769963517588	285.85958123406533	288.2265094774951	288.44154204504457	287.0269115869811	284.3900232929183
0.030722644851502928	8.525838859062249e6	33593.74428978458	38793.312327431995	34986.69089341638	42730.938084945505	42790.26554582878	54263.30985195299	55926.818331601746	293.0205473380199	302.5372858854681	308.1235119907208	310.6747864305949	310.9065666270805	309.3817588769752	306.53949877715166
0.031500392308747946	8.338247799784706e6	32278.572784614902	28604.36993478165	51068.30425219845	45742.78922735532	50314.01184204896	56663.377561509806	47222.3336977942	315.84220385918843	326.10014550759564	332.1214500897054	334.87142837300274	335.1212605732835	333.47769446629894	330.4140673520074
0.03229782853661069	8.151925047429147e6	35077.54548677074	42107.62252670452	32880.62168059237	39882.673919341454	50819.34048609379	40337.8917680782	52241.21429018594	340.44130572029394	351.49817844381147	357.98844722051655	360.9526052273598	361.221895396423	359.45032153877327	356.148086428058
0.033115451958692324	7.967440734398497e6	29733.177413375288	38123.32326522789	38439.770274985465	40649.2365312162	51600.25474097833	47884.32443093814	53224.86164397907	366.95628774237736	378.8743156094056	385.8700734587975	389.0650923950916	389.35535600031386	387.4458046170316	383.8863777286968
0.03395377361624756	7.784887190547773e6	32137.577221022042	29926.047456113633	38353.18284297272	45223.03786927573	38183.62860997709	48482.18368856978	41707.19682312271	395.5363666249669	408.382619972638	415.92323648192416	419.36709675513185	419.6799672947796	417.62169212343986	413.7850422942712
0.03481331748760204	7.604542248417728e6	31350.9142781061	31354.47752977462	34517.00583604348	41466.85447089928	35459.72796551645	50497.5905242651	40933.27320163432	426.3423806835422	440.1891535652454	448.31706458850397	452.0291469948557	452.3663851908208	450.1478030054743	446.0123389621192
0.035694620815655886	7.4265881351169245e6	34217.07261470003	27435.916904605754	35017.773567988734	38364.686693969445	34333.13174541522	42809.43394961249	52454.585215368905	459.54769498920837	474.4729120192952	483.23385849106603	487.23505328365025	487.5985569901539	485.20718241513396	480.74963126624823
0.036598234443678	7.251076986790739e6	28224.510953744935	30543.853795451454	36275.083948708496	37448.65587635348	43151.30174375959	46136.17156594668	53010.586604566095	495.33917700443453	511.4268318896786	520.870117238349	525.1829416898777	525.5747565739058	522.9971318206633	518.1924080855218
0.03752472315960101	7.078647181839451e6	31226.70750586569	29887.9530246795	35856.51245096093	41004.56867330111	39130.63613567708	40607.40230827564	47012.11321117935	533.9182482053264	551.2588764310331	561.4376440406461	566.0863691624966	566.5087002160712	563.7303193476232	558.5513837841348
0.038474666049032144	6.909607434299714e6	29346.919497685463	26079.60847862729	39257.48010555083	32586.89587824403	35773.73289551043	47078.99326949682	42788.61572959981	575.502017608604	594.1932059394757	605.1647382214154	610.1755253520772	610.6307493011517	607.6359765979305	602.0536840355937
0.039448656857200545	6.744233099875244e6	20683.776118897094	30557.177978198797	26407.90961567384	30183.390039978854	36418.636918980446	38733.205350680066	40427.470250681436	620.3245035824388	640.471439245485	652.2974800031069	657.6985280347039	658.1892067145144	654.9611886822104	648.9441240036664
0.04044730436006741	6.582768048810453e6	18584.209684546626	26348.81629144562	32157.007923762223	34479.661292224184	35321.96167911972	38518.044764378224	46279.887138438135	668.6379508168845	690.3540134569744	703.1011153573306	708.9228194287557	709.4517142009004	705.9722847251102	699.4865860732599
0.04147123274483076	6.425432150264593e6	22210.608612812368	27137.605370091245	26125.71437857189	31621.532724299763	34055.71920460879	38395.774968105536	48898.53935506917	720.7142498654958	744.1216496048665	757.8615487129719	764.1366712627014	764.7067585550819	760.9563366690068	753.9655048847636
0.04252108200006279	6.272415323468477e6	28404.4605557828	26335.944755043132	27809.831214336355	31420.706196277744	34838.24822322904	42093.09235765577	40127.76031234449	776.8464672467425	802.0769324392318	816.8869519226126	823.6508070638251	824.2652951209028	820.2227748107715	812.687468029035
0.04359750831572352	6.123831390484717e6	22526.11207305948	26352.54900655643	31479.052537919502	28091.031390807606	31099.23853132506	37763.76145259243	36270.15902336476	837.3504947159671	864.5460132663973	880.5094985418259	887.8001507974182	888.4624977350502	884.1051291631304	875.9829414110434
0.04470118449330084	5.979762404309115e6	24153.86698702191	23048.960010553834	26218.40785425148	29029.8663484032	34152.72056786567	34096.72658042777	38466.37106602276	902.566826989744	931.8804454103415	949.087233181606	956.9457116975203	957.6596449639808	952.9629064407458	944.2081289922619
0.045832800366333484	5.8405409470210215e6	22674.70987966073	24627.980421882894	29794.98610832409	27146.365566453504	35239.87536383329	33994.32631346396	33981.10207590749	972.8624779264775	1004.4591626271193	1023.006086453401	1031.4766158957723	1032.2461532484795	1027.183613233435	1017.746977377192
0.0469930632315793	5.706331243822177e6	19287.307877723433	21596.764613247724	24765.88103441042	31515.90795031303	28082.160301979704	31793.80872998146	31244.625973911243	1048.6330459472945	1082.690611606615	1102.6820468466285	1111.8122962821622	1112.6417683981588	1107.1849367527234	1097.0133365256095
0.04818269829109883	5.577719560263745e6	20930.288183364686	22127.6125105519	20934.303612898693	25019.318443404474	25138.61017135089	35658.66573386302	37585.219957489615	1130.3049403204898	1167.0150505623849	1188.5635017610325	1198.4048529212178	1199.2989277686513	1193.4170954239905	1182.4532887500498
0.049402449105530204	5.454648103823495e6	19784.05423581246	21435.507324123548	21465.43281063438	26243.383885235537	31990.919646352795	31337.908553513167	33975.660553227885	1218.3377808380292	1257.9070268449948	1281.1337608681274	1291.741597306981	1292.705306414734	1286.3653725522638	1274.5476591050601
0.05065307805883866	5.336231618045627e6	20006.803237673492	24397.640627713576	23593.137706870126	26107.39119288886	31787.44061418815	30014.412645189925	33741.0819509105	1313.2269843892682	1355.8780475226315	1380.913776002979	1392.3477947755957	1393.386561548906	1386.5528473208924	1373.8147212964554
0.05193536683483146	5.222170267397078e6	19731.06264694978	21947.780917271357	22593.119952798534	24056.548119281222	26255.89291296458	30097.365142660023	34191.09705857989	1415.5065529872127	1461.479457957045	1488.4650728918625	1500.7896205077836	1501.9092907492002	1494.5433384911496	1480.8131143374378
0.05325011690573563	5.112383220232849e6	21578.598427526376	19887.316537911225	22166.589134925067	23144.319344944066	27155.18192784668	29230.45928161983	30004.84200444297	1525.7520789382625	1575.3055445753703	1604.3929112154858	1617.67734575751	1618.8842205649503	1610.9445773698246	1596.1449863664452
0.05459815003314425	5.006273854720263e6	20719.67970046653	22361.241050058004	24379.82605836267	24406.122903720963	25560.465095332245	23774.141176434376	27778.104420274394	1644.583984066862	1697.9968792985078	1729.3496907908593	1743.6687722371719	1744.9696434642137	1736.4116279005086	1720.4593833183908
0.055980308781644166	4.903475277660774e6	18372.10820625676	22818.06121196822	24321.96914402799	26119.73721849218	26214.43418425334	28808.969725830273	27775.737764973226	1772.6710112242924	1830.243924447342	1864.0386230406198	1879.4729339868256	1880.8751224647958	1871.6505731256543	1854.4559015195553
0.0573974570454462	4.804008613698775e6	18494.296139626604	20458.78851448847	20704.438835696074	24273.62308456925	20858.752503424144	28289.845631677126	32343.216057888912	1910.733987731383	1972.790918414767	2009.217688412386	2025.854087561127	2027.365484298084	2017.42248876637	1998.888624762489
0.05885048058834742	4.707038050335386e6	18244.34862464678	19583.632070329837	21035.030366661536	23952.79164493408	23578.78411429011	26441.932194650577	27486.432147718995	2059.549881932231	2126.4400639683963	2165.703902016749	2183.6360129869677	2185.2651235754324	2174.547726279481	2154.570368015047
0.06034028759736201	4.611861447593404e6	17885.964691986785	16479.974586503107	21466.06457019608	21729.217765578447	26127.409908680274	24598.551496700173	27054.964699685803	2219.956175691002	2292.0560427575706	2334.37791149279	2353.7066496994926	2355.462642182837	2343.9105294987976	2322.3772516490203
0.0618678092503679	4.518102371104659e6	17460.456734623564	20526.2688995399	18556.206145749584	21585.972723790514	21565.95548438488	25515.86487959649	25302.838095531468	2392.8555774358792	2470.570881427825	2516.1889529733394	2537.023093542943	2538.9158500098124	2526.464010838453	2503.253631927582
0.06343400029812336	4.424997219521559e6	16397.269498035123	18979.07408778975	20439.42083481507	23100.104726511454	22962.253968080073	25734.020960142774	25588.33883065586	2579.2211022739593	2662.989196728057	2712.160193040887	2734.6169829581645	2736.6571551552875	2723.2355150631147	2698.2174154990607
0.06503983966101698	4.331899268433864e6	15914.764041591312	17385.09681504892	20071.23352553138	22096.06857631936	24409.665195545316	24967.31260445783	26490.183840113463	2780.1015477683386	2870.3938491302188	2923.3944867390255	2947.6003046706055	2949.79937394696	2935.332400812729	2908.365787807381
0.06668633104092517	4.238301902814324e6	16081.988704741883	15278.143509720521	18579.842915231242	21152.016777456574	21357.090488746617	25345.579574604188	25966.292693204352	2996.62739618934	3093.95203677421	3151.080584039523	3177.1716515471717	3179.5419934668516	3163.94827241419	3134.881387652686
0.06837450354855817	4.1436033687614123e6	12396.013045503001	16250.955434247448	16569.593442676243	20210.41498568217	22846.438764267194	20482.816050018875	26613.76051682934	3230.0171764590636	3334.921864036034	3396.4998196963766	3424.6229678425316	3427.177921829932	3410.3696970539527	3379.038962653938
0.07010541234668788	4.04700817510338e6	14871.19743980968	15259.37082129536	15674.927001857017	19750.908661125275	19514.477749924412	22505.110800060098	26935.709311458733	3481.5843215904465	3594.6594216831704	3661.033324133332	3691.346819793054	3694.100764202312	3675.9834451117767	3642.2125430664246
0.07188013930965909	3.9483959147141003e6	13165.80600072185	13969.812737300237	17101.0601859458	17774.771162272125	19746.06250093388	20434.194547678766	24083.882939651176	3752.7445602106204	3874.6264184602555	3946.1697959436447	3978.8442324731677	3981.8126655043243	3962.2842944001177	3925.883174324357
0.0736997936995958	3.8484256525359116e6	15628.366155102689	13596.209657088082	16734.38285036162	18553.068112513945	19077.56052794958	20334.82375197307	21697.38800293661	4045.023883769733	4176.398407057389	4253.513879747494	4288.7331370217535	4291.932763939	4270.883442233181	4231.647251829068
0.07556551285972664	3.748054954267181e6	14175.201074238408	14835.561214629315	15098.94254159803	17831.25646200898	19520.89274621374	20293.772970618462	20788.73150476913	4360.0671342652095	4501.673650746998	4584.7951965476395	4622.757475769493	4626.2063029123365	4603.517572658763	4561.2255048810775
0.07747846292526092	3.6455522114311554e6	14088.453000720492	14062.775991528222	14693.822739853314	17056.810922069446	16571.97952392222	18334.99371038749	20169.426045002907	4699.647260817209	4852.2826805949035	4941.878077410442	4982.797016515132	4986.514452631544	4962.058629887521	4916.472680321818
0.07943983955226135	3.5392667413049317e6	10178.391076076123	13200.35094669062	14251.951294349195	16572.955398562113	18917.57214799398	18503.48056319012	20435.395742525536	5065.67529718346	5230.198597025468	5326.77205524516	5370.877931177121	5374.884896648929	5348.524352916301	5299.387980376401
0.08145086866496816	3.4305867290013987e6	10051.727670545448	13426.482613208316	14647.222081503838	16298.801879949686	17069.53146513358	18485.95111838882	19194.329609826927	5460.211116361705	5637.54817371264	5741.643173723763	5789.184198351706	5793.503242926909	5765.08963062881	5712.12631343609
0.08351280722204121	3.320925168201112e6	10014.24204891141	11798.939353954733	11889.946132760864	13559.702829753802	15471.681019308511	14599.087679148011	18254.394409349945	5885.475022810523	6076.62382629362	6188.826176991947	6240.069893955225	6244.7253236498	6214.098741284298	6157.010421103988
0.08562694400220061	3.211204423636103e6	9592.813840148381	12728.851072933654	11940.520842205859	14005.777579714368	14812.487889720967	15372.311251795405	16230.620783076529	6343.860247514827	6549.896513249819	6670.837648759544	6726.07243910668	6731.09045299002	6698.078545262481	6636.543949739499
0.08779460040975487	3.102107543687118e6	8653.9907934477	9449.42088496853	10050.693327644973	13450.570509304502	13400.664583725007	15260.764764402278	14269.882523351765	6837.946416223034	7060.029641566228	7190.390174722147	7249.926879814757	7255.335717448528	7219.75270531855	7153.425540073233
0.09001713130052183	2.994616187282191e6	9040.554339871533	10434.599107118009	11228.04135055867	11646.245964627506	12815.03434324378	13090.079838051723	16507.812037377305	7370.514066645401	7609.894055420176	7750.407608009817	7814.581278825036	7820.411379185186	7782.057014369546	7710.564014178511
0.09229592582865791	2.8897054911385085e6	8535.345791208689	9033.363312700227	9208.299269548457	11774.473729522106	11267.458085026647	13237.5349928529	15647.607688639167	7944.560296309162	8202.584192248429	8354.041523569294	8423.213306245105	8429.497479021376	8388.155917069353	8311.094745264245
0.09463240831492409	2.7884487175110006e6	7716.350707452882	9831.695846580698	9453.085468710717	11081.63320080966	10747.336278240888	11143.496806348809	13562.975767581183	8563.315629139084	8841.435497121529	9004.688954087575	9079.248122322268	9086.021732559233	9041.46031815833	8958.397302421006
0.09702803913693338	2.6919922734648986e6	7878.539857994972	8344.358501640443	10121.31657508285	10214.510022418244	11543.401965871324	12232.48459501957	12724.994369059777	9230.262195671721	9530.043193416126	9706.011507256953	9786.37765300027	9793.678820118965	9745.64677779523	9656.114469607286
0.09948431564193388	2.6012115157762286e6	7245.0720237660025	6966.812798478156	8603.004975948083	9336.008250963505	9674.175778151453	11470.666054368237	11438.048969245692	9949.15332922392	10272.282515428991	10461.955971975907	10548.58136674031	10556.451179060512	10504.678201905139	10408.172745917238
0.10200277308269971	2.5168227662623343e6	6575.120054843335	7140.659904388162	7123.588339201244	9076.868443384394	10111.784608068085	10144.734206487135	11772.429437028331	10724.034688291767	11072.330516790467	11276.776529445899	11370.148669526576	11378.631415496959	11322.826143977067	11218.804442493813
0.10458498557711425	2.439647910516799e6	5937.396536649714	6358.99032974962	7898.103295777546	8178.266539850103	8985.64209305642	9619.418299806177	9366.317198846962	11559.267024046354	11934.689577404324	12155.058694157166	12255.703044084305	12264.84646152176	12204.694843814657	12092.571500437809
0.1072325670920445	2.369150919941361e6	7043.674359710447	6429.9487322623245	6440.59827400131	7399.5588052671355	9475.538928137785	10143.459696339272	9720.281911604734	12459.55072106327	12864.212741212476	13101.745119504814	13210.228069167368	13220.083613908122	13155.247138531564	13034.39116376146
0.10994717245212354	2.3055857640482546e6	5030.060903062708	5265.374546319872	7514.013490516135	7728.6401386522275	8212.27485424835	9342.013895537892	10079.53147908208	13429.952249377402	13866.131027361194	14122.16341324444	14239.095465326924	14249.718600801316	14179.832391593702	14049.563651849292
0.11273049837406926	2.247457371465877e6	6057.839813927804	6281.109112033008	6469.730045947988	8123.404965532469	8213.95368137699	8385.86986749274	9779.612443949141	14475.932676740786	14946.082868481724	15222.056119338442	15348.095325008564	15359.545834369112	15284.216597098819	15143.80198717261
0.11558428452718769	2.1940442859661514e6	4758.732497025331	5455.369320774519	6123.573800389949	6984.401889740035	7332.361532855427	8657.61246896802	9285.975816567186	15603.37840153223	16110.14584174517	16407.613034911745	16543.46869709366	16555.811019652952	16474.614828701073	16323.26414610896
0.11851031462072335	2.1436154284618683e6	4703.031646075286	4773.059270955412	5216.538765747616	6357.413041174881	7567.717366374145	7689.996692233315	7628.335704723624	16818.634279267353	17364.870871257266	17685.506044179656	17831.94270925348	17845.246303125245	17757.726215786013	17594.587713794404
0.121510417518735	2.0948500742489714e6	4702.5139698316525	4619.727997153525	5460.54849557301	6518.277093105005	6683.780151233469	7773.21547141161	7990.175020872186	18128.53932914647	18717.319094285605	19062.926665394785	19220.768425786257	19235.10815877044	19140.771643743446	18964.927238047636
0.12458646838319537	2.0461571802105152e6	4083.266454255227	4602.120032782611	5396.8917880494055	5766.692418254163	6400.174420019281	6988.166979823806	7514.506473516139	19540.465221576385	20175.101598781457	20547.62652210579	20717.76165397949	20733.21822489106	20631.53439049377	20441.994492572525
0.12774038984602895	1.9962214870016084e6	3910.9846252130656	4950.588062607311	5103.521941628445	5317.779587145527	5703.160308766234	7231.908795897738	7457.574178152865	21062.35776324898	21746.422255813148	22147.96096647395	22331.346928629275	22348.00732144188	22238.403927943866	22034.10187601427
0.13097415321081862	1.943797183959121e6	3698.6583572026525	4526.004000962752	5240.499353822559	5860.48952034482	5652.29617881572	6578.629578376734	6983.280337443114	22702.781613268606	23440.123887986483	23872.936100174422	24070.60492227638	24088.562895636598	23970.423134901914	23750.209191133785
0.13428977968493555	1.8882528641126638e6	3561.2200872832323	3982.65796103466	4568.648633585222	5500.877099328141	5401.28853358436	6645.594801825266	7812.290951230592	24470.96848193765	25265.738033633283	25732.25945745999	25945.32354792773	25964.680162794713	25837.339187109494	25599.974067318024
0.13768934164285876	1.8290769682966669e6	3014.3203762041303	4087.555627701155	4396.091001460446	5098.609052028376	5313.439184163779	5924.977480516073	6426.661440102713	26376.869083476617	27233.538586854982	27736.394635645895	27966.053041883704	27986.917230263607	27849.658410814332	27593.806310218286
0.1411749639214769	1.7668033684630387e6	2832.149864908895	3771.654850022709	3577.864344535195	4572.500086576207	5280.474284999929	5892.282453210603	5477.570398814725	28431.209135039655	29354.599615277446	29896.620180445665	30144.165336646838	30166.65451462261	30018.70540856909	29742.926484366064
0.14474882514818105	1.7022724439599058e6	2724.7310659976397	3299.109810803796	3600.4112866765636	3980.9689927546656	4880.680774977831	5094.521372414063	5866.123004476017	30645.549717144047	31640.85768087006	32225.093057518385	32491.918058015875	32516.15878652238	32356.686789969754	32059.42905842331
0.14841315910257663	1.6366657370722813e6	2817.1445906201975	3104.833107378627	3655.681962304635	3872.8926779740623	4473.440924551602	3895.644250606896	5673.17425037068	33032.35233525795	34105.17901460752	34734.91706748289	35022.52350657894	35048.65220364199	34876.75986604798	34556.35046848614
0.15217025611266966	1.5717096377981338e6	2442.200340008622	2754.8429591276467	3059.0193892218404	3736.183189391236	4057.4941270324975	4541.180222030081	4804.260482795651	35605.049048611145	36761.43192292823	37440.216589331525	37750.22301172552	37778.38672017305	37593.10669382195	37247.74248239555
0.15602246448639515	1.5090961231315313e6	2481.2410602296263	2427.8274550943534	3041.3346533306503	3125.8384216866793	3553.791623432767	3864.6930819461822	3991.6768841916028	38378.11806096701	39624.56483354778	40356.21606732739	40690.36707669831	40720.724291664046	40521.01388778472	40148.75127800544
0.15997219197938659	1.4505257831490438e6	2548.3740922126676	2615.3380008160475	2457.2852011619643	3078.6943848057826	3763.966473228193	4203.0029034985155	4615.098323999721	41367.16519869682	42710.69041978297	43499.32568864922	43859.501765652254	43892.223326528816	43676.95864742051	43275.702680372466
0.16402190729990188	1.3974524640045592e6	2080.9516000322924	2023.5592304621327	2570.0030604976905	2729.580134687677	3203.0029238624984	3452.788781563106	4017.9682945448753	44589.0117347	46037.17627682247	46887.23373396202	47275.461818891374	47310.731870752425	47078.70148489633	46646.194037567366
0.1681741416518455	1.3504877307937338e6	1622.3645835882269	2161.196489257802	2353.469995024964	2843.137840549991	2881.5017987860633	3644.62212162949	3911.222615139521	48061.789052443455	49622.74266027042	50539.00612066246	50957.47102033612	50995.488050238026	50745.386174800085	50279.19325218462
0.1724314903168544	1.309422409003077e6	1541.925268050058	2205.7931391375264	2136.231522060721	2381.4994301431525	2683.7254287311157	3334.003444725872	3356.7720553822965	51805.04068278951	53487.567836932394	54475.193698923686	54926.250381983446	54967.22833597842	54697.64748833734	54195.14552579554
0.1767966142764325	1.2732218176596137e6	1779.0736793942879	2067.797329060207	2025.1927642771025	2292.9293942956588	2755.642910175438	2779.786801621833	3640.4222418327763	55839.83228791094	57653.40164079453	58717.94790443869	59204.13475425938	59248.30424140625	58957.72731835189	58416.08841713967
0.18127224187515126	1.2402058474079021e6	1552.716314016539	1782.405717032557	2039.4085056590227	2165.7506945764612	2274.5259105249643	2561.3260997138887	3074.890850744738	60188.87021119623	62143.68787319958	63291.14541866509	63815.198518455356	63862.80810860366	63549.59984863054	62965.77586151131
0.1858611705259542	1.208553421071602e6	1895.668126138386	1426.2946912122147	1879.3415863684138	2021.5436493928862	2442.3766925795658	2727.7912170652844	3012.174989530727	64876.62926029838	66983.69623604108	68220.5225381113	68785.39106859716	68836.70869124813	68499.10647189696	67869.81184927489
0.19056626845863003	1.1764440953578386e6	1357.5629467862	1724.7124358007654	1875.7625898733947	2085.013236884367	2183.996625993843	2745.954423204864	2973.752448731862	69929.49044249675	72200.66454050232	73533.82000890111	74142.68284524533	74197.9972973619	73834.10121581978	73155.7945158585
0.19539047651255098	1.14232011590151e6	1451.1277843989162	1608.8969006202963	1444.7346561704735	1876.6831527930694	1909.6232318811624	2699.7452079795653	2686.884008922832	75375.88942740552	77823.95199154541	79260.93914159764	79917.22274295575	79976.84531420706	79584.6074953438	78853.47145401668
0.20033680997479186	1.1053004695857987e6	1560.5781444573265	1230.8550055464648	1598.1323000644636	1618.0832423219852	1971.82133966786	2268.627961477305	2567.4812234997758	81246.4765726302	83885.2044108905	85434.11008495661	86141.50777734599	86205.77400193278	85782.9870736025	84994.90712251549
0.20540836046478322	1.0655153796991492e6	1330.852403627423	1429.4558362173098	1483.0978522829255	1673.2640498209778	1627.8552838575338	2177.647417030481	2278.7254708613095	87574.28941286082	90418.53232821976	92088.07320551097	92850.56596650986	92919.83751142916	92464.12218218074	91614.66329327409
0.2106082978666746	1.0240560716374626e6	1048.540005308669	1086.5535655083556	1309.5035170972922	1583.6561050735331	1623.9400124243764	2009.7461654289364	1956.4760121521472	94394.9385831027	97460.70294283389	99260.27459372004	100082.15345596497	100156.82015634076	99665.61182562874	98749.99355244823
0.21593987231061418	982574.8878800311	723.1589160027369	993.8928096945741	1123.0931976344937	1655.1726809127767	1688.9548442006812	1827.7464623221463	2157.0528168030223	101746.80822245781	105051.34703615912	106991.07679703065	107876.9669965916	107957.4490495255	107427.98337506852	106441.05295014686
0.22140641620418722	942866.3717156469	797.777973903526	898.5465205641616	1175.4502402955225	1376.7371642565076	1401.6607195569243	1475.85097167413	1330.6248360796635	109671.2719860857	113233.18199935746	115323.98596560012	116278.8729711309	116365.62330041901	115794.9206414844	114731.12397843548
0.22701134631527814	906453.6749561556	796.4643422324526	991.8352102041008	905.2842716421968	1335.6437723451595	1317.4975115671011	1425.9108158583258	1459.725948596821	118212.92588115502	122052.25223133777	124305.8966891574	125335.15425830465	125428.66106332834	124813.50971239501	123666.86014953068
0.23275816590766216	874183.7813577779	754.1503092453803	725.8968947350926	853.6955423258402	1223.6235609824678	980.9521572109383	1378.1531826653738	1652.0656455174535	127419.83923700129	131558.18825993716	133987.35590275	135096.7763237119	135197.5658268468	134534.50393528046	133298.54854485017
0.2386504669306597	845933.643119975	676.194608144175	730.7780633891836	720.8558403350441	883.6032294151141	1056.6181190410068	1371.261641532306	1430.6786505786404	137343.8252218272	141804.48604447852	144422.84734650818	145618.67403493077	145727.31344293538	145012.60953896047	143680.3928124153
0.24469193226422045	820691.6913580191	584.8491015904355	1028.4174014822117	813.5636575271753	1123.3797794034865	997.932963901444	1221.2131101583198	1065.6519187776896	148040.7324284801	152848.80803168812	155671.09818043563	156960.0608150912	157077.16151114088	156306.79350047093	154870.81820538442
0.25088633802084465	796876.624998036	228.40598605027964	825.6412710560267	703.4011979386146	935.7778091596606	785.9645229299343	1317.56888800365	1409.894314047963	159570.7591700135	164753.30765896654	167795.40947949933	169184.7618744771	169310.98285880662	168480.61538975695	166932.8003781213
0.257237555905775	772763.2019184912	631.3299261653794	679.069737025923	826.4906198753248	954.3087407382343	990.9119459174458	1173.8797713770664	1396.629725099695	171998.792253978	177584.97913141132	180864.01246914075	182361.5733956808	182497.62499419865	181602.58505989987	179934.21979035658
0.2637495556369391	747145.5523869595	404.2073585018399	519.08228999383	482.27020820955306	844.9236552375589	849.5366121786678	847.8207493342946	1243.5363564734203	185394.77214186796	191416.03444093326	194950.45250589427	196564.64969359597	196711.29755534086	195746.54819575135	193948.2437138242
0.2704264074261528	719902.7408791321	493.33085250921073	574.3038480877557	620.2291561646381	658.1248258566717	687.2549044283836	742.7877771593178	1011.1849677523079	199834.08654858265	206324.30974906415	210134.00296388587	211873.92052891204	212031.98993484798	210992.10189057037	209053.73799103632
0.27727228452313407	691883.91858906	512.1074708781067	614.0508695876985	511.70522164691255	619.208387518883	688.7687262324137	879.9148095345305	1110.7822643021696	215397.99469722973	222393.7034207326	226500.11135672175	228375.54092390928	228545.9214313074	227425.0425896861	225335.7108637314
0.284291465823921	664318.4691133439	290.5100192850631	478.3749446149211	563.3516715434519	687.3020258042193	705.2747559887027	845.5681169295497	872.3392164383495	232174.08461647847	239714.6481737477	244140.8802050173	246162.3760115892	246346.0264601333	245137.84892168778	242885.79136834072
0.2914883385453202	638495.3935193019	372.21614505447457	430.407033755573	518.1630117919821	609.0436229528729	713.3155600717646	526.0480459602693	768.5265649858726	250256.76605424238	258384.62000136086	263155.5853560041	265334.5236469876	265532.4775547762	264230.202134631	261802.74499099827
0.2988674009670604	615262.7874174459	375.861029969813	486.90701121002564	409.9361781717311	572.9834327461832	711.6762033649259	576.978749276694	837.3164875770948	269747.8017815157	278508.68673182	283651.2346720097	285999.87772161653	286213.2491014275	284809.54706596636	282193.0294838929
0.3064332652433644	594461.0957444281	264.44411474353296	489.5268976975201	469.2058878203404	513.5674138610907	472.1715256173235	667.708542307533	550.3432407128954	290756.8802762558	300200.09931191214	305743.17023180693	308274.73535106337	308504.72497961397	306991.69680302596	304171.3939707981
0.31419066028569426	575155.7526605306	393.1909859544486	221.79344331828733	404.6474019446317	434.16182684538205	561.6496322499322	556.7289783436905	576.8209465101289	313402.233010446	323580.9291423124	329555.7174340966	332284.45135307556	332532.3535285581	330901.48443717195	327861.52471361845
0.3221444347184766	556223.3852403131	436.82450647684	374.7560378654398	360.9136749821691	330.88936264192694	477.73889559158926	526.3123524388022	606.3006554726845	337811.2998138124	348782.75505102193	355222.88465562725	358164.14369887597	358431.3535247984	356673.4655790257	353396.74117367965
0.330299559909649	536790.443336478	324.30908471958344	275.98329156263713	297.03882493547815	456.3764988932684	241.91757337394526	532.4174340529722	504.31139283681665	364121.44605903095	375947.4037713588	382889.1174018055	386059.4539081693	386347.47514449176	384452.6755887122	380920.74628537305
0.33866113307792733	516720.23663304845	291.8026817218494	242.16934604309319	321.65793771269364	431.71900357842685	404.4251841772694	439.97564334833754	621.1967563179815	392480.73570424237	405227.74809139303	412710.1111936317	416127.3666668124	416437.8201925626	414395.4457822845	410588.43516417
0.34723438047873484	496671.58540702244	120.38930382792635	223.82722632825542	220.64252890368667	243.89143375336886	356.3663894267535	377.8418146321709	589.9579863935301	423048.7645431268	436788.5671663661	444853.6877654328	448537.0932794979	448871.72621449025	446670.2832074792	442566.7667999643
0.3560246606707792	477510.8460620431	318.53702424316424	338.5925597585307	287.9963049196792	268.7641971474678	270.45613638215593	268.6832981768573	499.77497837241566	455997.5583523728	470807.4738362459	479500.7395049533	483471.0239298452	483831.7194668375	481458.81894050445	477035.70364194893
0.365037467865329	459799.62473710446	242.29820168126224	236.51267810146274	237.9214027967765	289.93995741036156	375.7387022755064	443.6766133292787	371.49214305611144	491512.5409901169	507475.9141661247	516846.24744985404	521125.75410594913	521514.54210856796	518956.8302396078	514189.2243617594
0.3742784353602723	443501.4554356981	208.9668264951451	159.74777005747325	230.84905090617227	262.27445363949533	261.13454005257717	431.19682161082767	415.32966188798343	529793.577894256	547000.2448353309	557100.378570369	561713.190968579	562132.2593946559	559375.3423085744	554236.4154951774
0.383753339061112	428034.9006784139	97.35914588858961	199.112749357183	318.74428656491983	255.21681190839118	248.54148172510193	274.4435011534594	540.9362896652582	571056.1008527054	589602.8944380415	600489.6685128547	605461.7458878896	605913.4531024941	602941.8158701035	597402.6481053866
0.3934681010910962	412766.33262436994	268.88124118205894	197.26756128609156	241.84703380770543	173.02102267379794	290.04788063056276	386.96382640801914	290.014973726958	615532.3203750809	635523.6152304425	647258.2964599449	652617.6198594669	653104.5079069292	649901.427231957	643930.8460892779
0.4034287934927352	397394.29793300066	80.52901194222332	155.44487577272247	133.80028091563202	205.1418389059632	235.49577574684974	269.39512676241213	306.56565611874277	663472.5324895685	685020.8323698251	697669.4592827896	703446.1890345997	703970.9979442146	700518.4480506569	694082.8532653922
0.4136416420230289	382178.6568473561	160.2751281924016	245.84692763176812	146.73653474725234	188.01818647784324	238.3036129683795	323.9190633634495	345.16773822484544	715146.5273177898	738373.0982372275	752006.8527171647	758233.4981605845	758799.1813665014	755077.7325560972	748140.9069355446
0.42411303004476464	367587.36858909985	139.4154075788177	87.84825537258283	162.8980101210622	141.17162300638196	203.29931557776894	321.150982191917	394.9568970392106	770845.1073560076	795880.6600294666	810576.2679004428	817287.8703370828	817897.6112991623	813886.3206080992	806409.2262142553
0.43484950251632837	353875.9759356698	150.57418824508014	200.57015498329022	152.7036961283548	103.37648763234392	202.31611237067193	167.19320278258508	193.87866111089187	830881.7240060248	857867.1494413844	873707.3122531256	880941.6421466187	881598.8722657893	877275.1656053013	869215.7240635084
0.44585777008251726	340952.9538417055	82.42684216072834	50.53102892352631	180.45482086897414	173.19497617110517	124.5507285609919	181.03429373930766	266.07887361857206	895594.2415657671	924681.4039474194	941755.2643896268	949553.0339240937	950261.4518530318	945600.9969706176	936913.8526677381
0.45714471326890904	328441.7155631121	23.72217940213872	17.09665097052715	155.67468517912624	195.8061347289854	147.55701990609614	154.0805720166941	213.76750784454558	895594.2415657671	924681.4039474194	941755.2643896268	949553.0339240937	950261.4518530318	945600.9969706176	936913.8526677381