2.059400471119691989e-02	2.229055079294782368e-09	5.294190000000000000e+06	1.711789239413692849e+04	1.471136070148087165e+05	5.400321207879419383e-01	2.715392538910733492e+04	1.617775989304058894e+05
2.111534442254153071e-02	2.228684287292197468e-09	5.213330000000000000e+06	1.701636494752576982e+04	1.460779941908975889e+05	-9.007636500416763559e-01	2.600430046695690544e+04	1.226542655855010089e+05
2.164988191151300673e-02	2.228387066605913308e-09	5.130430000000000000e+06	1.689442174407406492e+04	1.448612832173526403e+05	2.031609569398054871e-01	2.487721635544813034e+04	1.499153622981240624e+05
2.219795128144261623e-02	2.228165749953652304e-09	5.050240000000000000e+06	1.678317258138724719e+04	1.437303126859643089e+05	-7.161371554192241806e-01	2.380940897263247462e+04	1.266795102720903378e+05
2.275989509352774331e-02	2.228022664918041814e-09	4.968070000000000000e+06	1.665155939506508730e+04	1.424188859857811767e+05	1.360797391622077690e+00	2.276311518306467769e+04	1.733948737520885188e+05
2.333606458094376543e-02	2.227960122435968264e-09	4.883830000000000000e+06	1.649854879069338131e+04	1.409186582907721750e+05	1.324435157402643393e+00	2.173801692964375979e+04	1.697092521646062378e+05
2.392681986837622010e-02	2.227980403754689553e-09	4.797590000000000000e+06	1.632421272328773193e+04	1.392308263405662437e+05	-8.348712483690080566e-01	2.073498275439903227e+04	1.219197854034912743e+05
2.453253019711047062e-02	2.228085745740009294e-09	4.715050000000000000e+06	1.616726231814765015e+04	1.376857197888111114e+05	1.706506561001766287e-01	1.979286606332492011e+04	1.410633853686204238e+05
2.515357415581952194e-02	2.228278324372175670e-09	4.630430000000000000e+06	1.598826816106055594e+04	1.359472491581428330e+05	7.143237515524278325e-02	1.887043994537393883e+04	1.372952095036652754e+05
2.579033991719426044e-02	2.228560236277603118e-09	4.543660000000000000e+06	1.578638654509379376e+04	1.340090236699510715e+05	1.264197252281316741e+00	1.796763843495512629e+04	1.567236628094055341e+05
2.644322548056403030e-02	2.228933478135370981e-09	4.455110000000000000e+06	1.556388582570712060e+04	1.318911645585459191e+05	-1.899519246014270690e-01	1.708713896445460341e+04	1.286454296263157303e+05
2.711263892065916489e-02	2.229399923783987994e-09	4.371360000000000000e+06	1.536676881953363954e+04	1.299836930657177872e+05	-5.965471003518667270e-02	1.626808708241386921e+04	1.290132250479892245e+05
2.779899864267098078e-02	2.229961298849183340e-09	4.285490000000000000e+06	1.514666736061825031e+04	1.278770192330650752e+05	-2.952174238815635232e-01	1.546705248557808955e+04	1.233108758432317700e+05
2.850273364376864141e-02	2.230619152714791089e-09	4.197450000000000000e+06	1.490296364008286764e+04	1.255670512959832558e+05	1.380629743144715205e+00	1.468414398725516730e+04	1.458404172374073823e+05
2.922428378123635012e-02	2.231374827637415138e-09	4.108010000000000000e+06	1.464094225325616935e+04	1.230994879597793624e+05	1.281666669105431533e-01	1.392387525880637804e+04	1.248840646421787533e+05
2.996410004739846755e-02	2.232229424824584850e-09	4.024640000000000000e+06	1.441397562010082038e+04	1.209231902227000683e+05	9.870684462042503826e-01	1.322466986011137851e+04	1.339768445530843746e+05
3.072264485150441593e-02	2.233183767277626986e-09	3.939170000000000000e+06	1.416387704294337163e+04	1.185492451834484964e+05	-2.690337951454568888e-01	1.254173757313178794e+04	1.151750939264304761e+05
3.150039230874948637e-02	2.234238359211190708e-09	3.851540000000000000e+06	1.389005384043075901e+04	1.159741917578216526e+05	-3.808496328003396769e-01	1.187515337726365033e+04	1.114515439546430716e+05
3.229782853661228303e-02	2.235393341864361353e-09	3.763070000000000000e+06	1.360196050195177122e+04	1.132784435353605950e+05	3.030662885594591072e-01	1.123139366097294260e+04	1.166823003275419032e+05
3.311545195869396857e-02	2.236648445528214508e-09	3.682080000000000000e+06	1.335993951427169304e+04	1.109643970299647044e+05	-6.139248807948931574e-01	1.064712376263449369e+04	1.044278628431808465e+05
3.395377361624925261e-02	2.238002937625547231e-09	3.599050000000000000e+06	1.309525919510487438e+04	1.084598820478886191e+05	4.903694723193120081e-02	1.007709968169743661e+04	1.089540322532309219e+05
3.481331748760378708e-02	2.239455566701261571e-09	3.513910000000000000e+06	1.280733490365818579e+04	1.057619394441641343e+05	5.741762656836963546e-02	9.521360161768474427e+03	1.063086333463555056e+05
3.569462081565769745e-02	2.241004502204068447e-09	3.428690000000000000e+06	1.251098723578311001e+04	1.029946703119360754e+05	9.382822866985928156e-01	8.988303326659797676e+03	1.114282361108149926e+05
3.659823444367987094e-02	2.242647269973822157e-09	3.352300000000000000e+06	1.227146741226756967e+04	1.006945981829949305e+05	-3.151494588654752960e-01	8.511283809890410339e+03	9.801227169605749077e+04
3.752472315960293792e-02	2.244380683390812049e-09	3.273970000000000000e+06	1.201027766239443372e+04	9.821552271857846063e+04	6.721241251564691321e-01	8.046243004623778688e+03	1.036235967588575731e+05
3.847466604903412857e-02	2.246200770191068667e-09	3.193660000000000000e+06	1.172709453440447396e+04	9.555702796395229234e+04	4.036439827120294477e-01	7.593324171021762595e+03	9.862202757436703541e+04
3.944865685720259224e-02	2.248102695015880868e-09	3.114150000000000000e+06	1.144239826635754252e+04	9.288782293047211715e+04	-1.878761761355067561e+00	7.162237027836470588e+03	7.943168587681159261e+04
4.044730436006952617e-02	2.250080677836277786e-09	3.044470000000000000e+06	1.122278669688817536e+04	9.074712874147677212e+04	-2.387460168985432230e+00	6.781510861695601307e+03	7.455654167363644228e+04
4.147123274483295596e-02	2.252127908480073567e-09	2.973030000000000000e+06	1.098318296025273776e+04	8.844396853152236145e+04	-1.101389326034015737e+00	6.410546803187048681e+03	8.138346070845065697e+04
4.252108200006506078e-02	2.254236457590524424e-09	2.899780000000000000e+06	1.072317798117786333e+04	8.597753241878756671e+04	1.186777308175000600e+00	6.049415998812753060e+03	9.315684205388935516e+04
4.359750831572584140e-02	2.256397184465541190e-09	2.828090000000000000e+06	1.046774918868233544e+04	8.354991496564552654e+04	-5.989754100795880998e-01	5.708082170234067235e+03	8.013091410696158709e+04
4.470118449330325039e-02	2.258599642361127590e-09	2.766190000000000000e+06	1.027807867702934891e+04	8.164727028911141679e+04	2.332053656891294457e-01	5.408399773393100986e+03	8.290853813605855976e+04
4.583280036633596843e-02	2.260831981996376491e-09	2.702710000000000000e+06	1.007008684730869936e+04	7.959790251086052740e+04	-8.090170231349497199e-02	5.116390174554889199e+03	7.918397783603899006e+04
4.699306323158186638e-02	2.263080854174504550e-09	2.637640000000000000e+06	9.843612384099498740e+03	7.740320725372902234e+04	-1.226341428133233658e+00	4.832200435295637362e+03	7.147727967088253354e+04
4.818269829110147923e-02	2.265331312624470290e-09	2.576840000000000000e+06	9.642449871872984659e+03	7.540859232708613854e+04	-3.185581492751708432e-01	4.570418363044716898e+03	7.395264831194136059e+04
4.940244910553292373e-02	2.267566718387820154e-09	2.522890000000000000e+06	9.486255591642649961e+03	7.376420072381866339e+04	-5.993530808650058272e-01	4.335554854538470863e+03	7.116567256449180422e+04
5.065307805884147058e-02	2.269768647306233907e-09	2.467580000000000000e+06	9.313642312181034868e+03	7.198987649618202704e+04	-2.664929804109589795e-01	4.106716301354427742e+03	7.089546542933181627e+04
5.193536683483436500e-02	2.271916802420490079e-09	2.410870000000000000e+06	9.124159112450095563e+03	7.008492522160129738e+04	-1.599430607949317573e-01	3.883937935462060523e+03	6.946371630026595085e+04
5.325011690573863699e-02	2.273988933366895077e-09	2.362810000000000000e+06	8.994067662108654986e+03	6.863437167354393750e+04	1.059093536855170381e+00	3.688452381266532029e+03	7.254078775154138566e+04
5.459815003314735793e-02	2.275960765136287170e-09	2.314230000000000000e+06	8.854119407036912889e+03	6.710476806548416789e+04	9.011443313500874241e-01	3.499337769541007674e+03	7.025817645998530497e+04
5.598030878164735047e-02	2.277805938863569358e-09	2.264430000000000000e+06	8.698802048566856683e+03	6.545660156268835999e+04	-1.387268089227795820e-01	3.315163796241686214e+03	6.499669946817942400e+04
5.739745704544951116e-02	2.279495967612403416e-09	2.219230000000000000e+06	8.572860303632945943e+03	6.402711009429846308e+04	1.982576243733204513e-01	3.146883808403285002e+03	6.465100380233136821e+04
5.885048058835081614e-02	2.281000210420033409e-09	2.175030000000000000e+06	8.448808756390939379e+03	6.260809010944646434e+04	3.265126729238759240e-01	2.986826638290211577e+03	6.358332685867483815e+04
6.034028759736549674e-02	2.282285868153251858e-09	2.129710000000000000e+06	8.310133386961904762e+03	6.107829307793473708e+04	3.915862114804648519e-01	2.830962442500951965e+03	6.218685893563716672e+04
6.186780925037152490e-02	2.283318004991601672e-09	2.086970000000000000e+06	8.185650335603490021e+03	5.965095974258353817e+04	4.155374799554403253e-01	2.685488734878587820e+03	6.076688096392370790e+04
6.343400029812708285e-02	2.284059599583368095e-09	2.044270000000000000e+06	8.055558951994600648e+03	5.818096977305426844e+04	-1.739279306330993383e-02	2.545700324922454456e+03	5.813669293410169485e+04
6.503983966102083736e-02	2.284471630098550395e-09	2.000510000000000000e+06	7.911089938996490673e+03	5.660730665629981377e+04	-4.584760897674369090e-02	2.409782416525931694e+03	5.649682389434790093e+04
6.668633104092913655e-02	2.284513197514201274e-09	1.957950000000000000e+06	7.770041296531633634e+03	5.505977021537352266e+04	4.487805824928545184e-01	2.281096235933307071e+03	5.608348191285793291e+04
6.837450354856224044e-02	2.284141691493733312e-09	1.914310000000000000e+06	7.614324838812192866e+03	5.341158661560111796e+04	-2.204700377485933949e+00	2.156113104341649887e+03	4.865800324055671081e+04
7.010541234669211141e-02	2.283313003138593910e-09	1.869860000000000000e+06	7.446030626169865172e+03	5.168138281295677734e+04	2.803040932604318747e-01	2.035273560083451684e+03	5.225187832275289838e+04
7.188013930966342946e-02	2.281981788680979785e-09	1.824670000000000000e+06	7.265732179655727123e+03	4.987699297281004692e+04	-7.987821475116585468e-01	1.918695189835674910e+03	4.834437350865281769e+04
7.369979369960032167e-02	2.280101787825532759e-09	1.778350000000000000e+06	7.070410406160933235e+03	4.798191560053385911e+04	2.046366273440326733e+00	1.805924028764554350e+03	5.167749762539312360e+04
7.556551285973127363e-02	2.277626199914264953e-09	1.731070000000000000e+06	6.861593437469476157e+03	4.601132966385088366e+04	1.240743792849673177e+00	1.697237191354846800e+03	4.811716617401802068e+04
7.747846292526566758e-02	2.274508120365315360e-09	1.682600000000000000e+06	6.637734766589380342e+03	4.395979544890249963e+04	1.819887157453463633e+00	1.592434079324413005e+03	4.685784577895623079e+04
7.943983955226628646e-02	2.270701038902687125e-09	1.633480000000000000e+06	6.403473217545259104e+03	4.186305962112500129e+04	-1.804187606464986882e+00	1.492148036806927848e+03	3.917094462610688061e+04
8.145086866497322498e-02	2.266159399941075142e-09	1.583350000000000000e+06	6.156440199487044993e+03	3.971028208350589557e+04	-1.348104090070055383e+00	1.396014064512063896e+03	3.782830981334186072e+04
8.351280722204648677e-02	2.260839224110719198e-09	1.533090000000000000e+06	5.904018382301353085e+03	3.755365584344891977e+04	-7.257686668424132570e-01	1.304864315332546084e+03	3.660662620889978280e+04
8.562694400220600965e-02	2.254698788304088114e-09	1.482490000000000000e+06	5.645106745787813452e+03	3.538966013352857408e+04	-5.394135906508353839e-01	1.218402200762574921e+03	3.473243742755835410e+04
8.779460040976040658e-02	2.247699359813751234e-09	1.432370000000000000e+06	5.386492988449987024e+03	3.326397149577150412e+04	-1.054714556317446039e+00	1.137192376643317630e+03	3.206455814279256447e+04
9.001713130052758916e-02	2.239805978130219254e-09	1.382750000000000000e+06	5.128761926548722840e+03	3.118202463137162704e+04	2.668574381573803334e-01	1.061030774901321593e+03	3.146516858576793311e+04
9.229592582866381900e-02	2.230988275821593250e-09	1.335020000000000000e+06	4.882530895478670573e+03	2.920901654893422528e+04	3.404652453830894210e-01	9.906640552810866893e+02	2.954630322960770718e+04
9.463240831493022198e-02	2.221221327672162214e-09	1.288660000000000000e+06	4.644062560569968809e+03	2.732143182363152300e+04	-1.260308695060447792e-01	9.253456925872097827e+02	2.720480970140108548e+04
9.702803913693967830e-02	2.210486514982928822e-09	1.243180000000000000e+06	4.410042669371598095e+03	2.549954368491446075e+04	9.464939508776722965e-01	8.644608561886589086e+02	2.631775065606756107e+04
9.948431564194033794e-02	2.198772389713914978e-09	1.202600000000000000e+06	4.208883726345028663e+03	2.390504879200442520e+04	6.584491564770095229e-01	8.100293876457499209e+02	2.443841195902135951e+04
1.020027730827064161e-01	2.186075521067088076e-09	1.161740000000000000e+06	4.003913286317593247e+03	2.232482806559114397e+04	1.963569988074283235e-01	7.586286373705950155e+02	2.247379010803460187e+04
1.045849855771211340e-01	2.172401305274678130e-09	1.127880000000000000e+06	3.845252160093332350e+03	2.103566576616449311e+04	-3.301397135561580654e-01	7.137440097810357429e+02	2.080003052322295844e+04
1.072325670920516449e-01	2.157764717875530254e-09	1.093380000000000000e+06	3.680125922718288166e+03	1.974102511937850795e+04	2.544140722360221929e+00	6.710662836941908154e+02	2.144831217912783541e+04
1.099471724521308702e-01	2.142190986742468126e-09	1.065490000000000000e+06	3.557383172131644642e+03	1.870088366653566118e+04	-9.969284468537797927e-01	6.336699869785798001e+02	1.806916003059925060e+04
1.127304983740767680e-01	2.125716163666239251e-09	1.037260000000000000e+06	3.430138060095801393e+03	1.766113562771431316e+04	1.799008721168597669e+00	5.981220404386440350e+02	1.873716239478659190e+04
1.155842845271954911e-01	2.108387572497348563e-09	1.013310000000000000e+06	3.329074632530632243e+03	1.677878002056570404e+04	-5.840295221661514491e-01	5.661149245425386880e+02	1.644815219169400007e+04
1.185103146207313607e-01	2.090264112761676152e-09	9.892990000000000000e+05	3.225537483796695142e+03	1.590476571358253932e+04	-2.193193114192395488e-01	5.357446334459954187e+02	1.578726656947861011e+04
1.215104175187431967e-01	2.071416399342632079e-09	9.668740000000000000e+05	3.130475611458140065e+03	1.509341968813494168e+04	2.951825484825695289e-01	5.075014970294508885e+02	1.524322527338681357e+04
1.245864683832038911e-01	2.051926721263853637e-09	9.440890000000000000e+05	3.031434821097278018e+03	1.428393576041768029e+04	-7.784818029320482724e-01	4.806304686362996677e+02	1.390977368664961796e+04
1.277403898460376941e-01	2.031888805782644849e-09	9.210180000000000000e+05	2.929233878648308746e+03	1.348198062111057516e+04	-7.123887250342731958e-01	4.551233491147949621e+02	1.315775587870135860e+04
1.309741532108276985e-01	2.011407377836766048e-09	8.966380000000000000e+05	2.817796054944005391e+03	1.266179956998679882e+04	-7.342067803274430204e-01	4.306716296853941230e+02	1.234559753937711321e+04
1.342897796849448766e-01	1.990597509261403404e-09	8.712350000000000000e+05	2.699520831346526393e+03	1.183735426538414868e+04	-5.064425593592442043e-01	4.073647332640738910e+02	1.163104742727719531e+04
1.376893416428682793e-01	1.969583756953245169e-09	8.438030000000000000e+05	2.568896134117149813e+03	1.098760633031625002e+04	-1.511935928462288858e+00	3.849696754020084768e+02	1.040555684670748815e+04
1.411749639214868179e-01	1.948499094119228675e-09	8.152430000000000000e+05	2.432325473578427591e+03	1.014343175751115268e+04	-1.397025330823612910e+00	3.637180670159294209e+02	9.635308404611698279e+03
1.447488251481912069e-01	1.927483643703751784e-09	7.855190000000000000e+05	2.290386497535536819e+03	9.309132935427383927e+03	-1.011081301814102940e+00	3.435891221319025135e+02	8.961736398533095780e+03
1.484131591025871777e-01	1.906683227828020158e-09	7.554710000000000000e+05	2.148702005494506011e+03	8.508591201294559141e+03	1.082715514650972044e-01	3.247119368254009828e+02	8.543748266473881813e+03
1.521702561126804520e-01	1.886247751398261022e-09	7.257180000000000000e+05	2.011193859041455653e+03	7.756647371681142431e+03	-4.539096026255251548e-01	3.071232294477906066e+02	7.617241188645427428e+03
1.560224644864062205e-01	1.866329441770028468e-09	6.965740000000000000e+05	1.879747858408849652e+03	7.058791164566357111e+03	4.824767049231323268e-01	2.907799583766537808e+02	7.199085720741610203e+03
1.599721919793980762e-01	1.847080969365314009e-09	6.697420000000000000e+05	1.763336253073855232e+03	6.445596815631892241e+03	1.531345909512052295e+00	2.758125558159338198e+02	6.867961244772686769e+03
1.640219072999136718e-01	1.828653476352345547e-09	6.455570000000000000e+05	1.662999430976557051e+03	5.915872809757365758e+03	3.034717192465532509e-01	2.621122257903325021e+02	5.995416457553498731e+03
1.681741416518577337e-01	1.811194541914110814e-09	6.237550000000000000e+05	1.576674479134326702e+03	5.457374302994774553e+03	-1.096357110441680494e+00	2.495063761104086097e+02	5.183826213445591748e+03
1.724314903168669422e-01	1.794846113317143667e-09	6.044420000000000000e+05	1.504328578691248140e+03	5.065591892059606835e+03	-9.686798938071893295e-01	2.378880558076091916e+02	4.835154515421892938e+03
1.767966142764453852e-01	1.779742432091580325e-09	5.875570000000000000e+05	1.445176016946272057e+03	4.733681075978799527e+03	6.154168942087678840e-01	2.271454104025597189e+02	4.873470198982518923e+03
1.812722418751646081e-01	1.766007984347976540e-09	5.723760000000000000e+05	1.395328409728285123e+03	4.445329754937665712e+03	-3.802980752176976509e-02	2.171224662218013179e+02	4.437072629338598745e+03
1.858611705259679003e-01	1.753755503834830789e-09	5.576640000000000000e+05	1.348629240168332672e+03	4.178695965382001305e+03	2.178320390388674088e+00	2.076502409018881110e+02	4.631024719207704038e+03
1.905662684586442723e-01	1.743084056049143479e-09	5.427270000000000000e+05	1.301717829775641576e+03	3.922554586402767200e+03	-1.942129800241972348e-01	1.986372828371224273e+02	3.883976647759060143e+03
1.953904765125655807e-01	1.734077231801524244e-09	5.269290000000000000e+05	1.251600326278821967e+03	3.667886939866887587e+03	8.004526680650142501e-01	1.900140793262508794e+02	3.819984216633502456e+03
2.003368099748068232e-01	1.726801479309581345e-09	5.098830000000000000e+05	1.196558313472406326e+03	3.410250308489469717e+03	1.989901370391643720e+00	1.817418202836757644e+02	3.771898605729427800e+03
2.054083604647987393e-01	1.721304605256725410e-09	4.916140000000000000e+05	1.136878277780234384e+03	3.151237101769226228e+03	1.223174530897305656e+00	1.738145084795110051e+02	3.363842581641798006e+03
2.106082978666904970e-01	1.717614477292917781e-09	4.725780000000000000e+05	1.074825119628901575e+03	2.897608280198751345e+03	5.365453986044884521e-02	1.662493309992534023e+02	2.906528311555623532e+03
2.159398723106306650e-01	1.715737962993226586e-09	4.535130000000000000e+05	1.013801477640548342e+03	2.658372228584789354e+03	-1.524517605144236621e+00	1.590694093791283308e+02	2.415868113546412587e+03
2.214064162042041206e-01	1.715660142980452982e-09	4.352420000000000000e+05	9.573543094790773011e+02	2.441900031643257989e+03	-5.329964111004142913e-01	1.522900428133377204e+02	2.360729985377420689e+03
2.270113463152954869e-01	1.717343838233796026e-09	4.184720000000000000e+05	9.082957191628167948e+02	2.253772218949348826e+03	-6.973491699476791483e-02	1.459108546611465442e+02	2.243597137610918253e+03
2.327581659076801424e-01	1.720729492868167829e-09	4.035750000000000000e+05	8.678720005504952724e+02	2.095097247141507523e+03	5.110400883519625875e-02	1.399116715077503272e+02	2.102247294438386689e+03
2.386504669306781512e-01	1.725735453096983317e-09	3.904830000000000000e+05	8.354691340548040444e+02	1.962387927999379826e+03	-1.638972676207707813e-01	1.342555546573014738e+02	1.940383809428137056e+03
2.446919322642395755e-01	1.732258679876040250e-09	3.787510000000000000e+05	8.089647733471897482e+02	1.848976508158468960e+03	-5.577241313969454328e-01	1.288972135446686593e+02	1.777087421694782051e+03
2.508863380208642413e-01	1.740175926134065060e-09	3.676850000000000000e+05	7.852566664819797779e+02	1.746636891940981968e+03	-3.227818260770694003e+00	1.237906468885550595e+02	1.347063181401487100e+03
2.572375559057951122e-01	1.749345398986568035e-09	3.565240000000000000e+05	7.609867938213919842e+02	1.647400302747594878e+03	4.761266947737721744e-01	1.188959545483231182e+02	1.704009840608660625e+03
2.637495556369599536e-01	1.759608912680103639e-09	3.446910000000000000e+05	7.335967780203172879e+02	1.545794416509753319e+03	-1.200487353365508492e+00	1.141860886618941748e+02	1.408715461140876641e+03
2.704264074261741868e-01	1.770794519424030951e-09	3.321480000000000000e+05	7.028622021306575789e+02	1.441707585870380171e+03	-3.829223014746653553e-02	1.096540077272633624e+02	1.437508689369895819e+03
2.772722845231562205e-01	1.782719583433076247e-09	3.192680000000000000e+05	6.703319459049453144e+02	1.338593789586502680e+03	5.252657053958017519e-01	1.053038222126541257e+02	1.393906276041906494e+03
2.842914658239437120e-01	1.795194239636334747e-09	3.065300000000000000e+05	6.379856006298016382e+02	1.240393649537270448e+03	-1.325138537543667505e+00	1.011397423056978226e+02	1.106369479330754530e+03
2.914883385453435061e-01	1.808025154273317734e-09	2.946810000000000000e+05	6.088629683676789455e+02	1.152641893264510600e+03	-1.680983762508688473e-01	9.716908221372021615e+01	1.136307928322597036e+03
2.988674009670845289e-01	1.821019481983580085e-09	2.839620000000000000e+05	5.838526143012715011e+02	1.076314373983319456e+03	1.784070234040164293e-01	9.338481550421367672e+01	1.092974880948559530e+03
3.064332652433891524e-01	1.833988895116294906e-09	2.742850000000000000e+05	5.625049694549367132e+02	1.009849580874625417e+03	-7.999960677304586154e-01	8.977335838036697169e+01	9.380312471833746031e+02
3.141906602857199582e-01	1.846753547818652503e-09	2.653800000000000000e+05	5.436610631384382941e+02	9.505714741621277426e+02	9.508802628193543383e-01	8.631940176770814332e+01	1.032650889601415429e+03
3.221444347185029589e-01	1.859145831607117394e-09	2.566210000000000000e+05	5.247326814342607122e+02	8.936165071004991205e+02	1.779724987238940681e+00	8.300373787219908195e+01	1.041340333425883045e+03
3.302995599096759660e-01	1.871013781570018601e-09	2.476480000000000000e+05	5.042480983335726137e+02	8.364552254005623126e+02	6.779734161301640416e-01	7.981472751716435710e+01	8.905674888728724454e+02
3.386611330779553120e-01	1.882224003334014917e-09	2.383970000000000000e+05	4.819787311499627549e+02	7.788235888517128842e+02	5.445196846908249011e-01	7.674696072233165012e+01	8.206138197052160876e+02
3.472343804787635380e-01	1.892664009893925908e-09	2.291780000000000000e+05	4.592315643217808656e+02	7.229060037852268579e+02	-1.523106944650826078e+00	7.380062280264205299e+01	6.104997626749666324e+02
3.560246606708089567e-01	1.902243883089671122e-09	2.203450000000000000e+05	4.374639954908967070e+02	6.708973737255587366e+02	1.504838541160221643e+00	7.097539200695160844e+01	7.777038790915746631e+02
3.650374678653594551e-01	1.910897205099565607e-09	2.121420000000000000e+05	4.176550373972525563e+02	6.240490805987883505e+02	6.679296013642459506e-01	6.826856845707878563e+01	6.696476783140327598e+02
3.742784353603034742e-01	1.918581238687652676e-09	2.046350000000000000e+05	4.000593894427700548e+02	5.824184757950481526e+02	3.972651641387490162e-01	6.567499147738008958e+01	6.085088620641205353e+02
3.837533390611443940e-01	1.925276368906688454e-09	1.974840000000000000e+05	3.833528669781632630e+02	5.438014211604104275e+02	-1.167853577913509078e+00	6.318549215630594063e+01	4.700100180734425521e+02
3.934681010911293964e-01	1.930984851480878890e-09	1.904320000000000000e+05	3.665708198932840105e+02	5.066997634056724564e+02	1.842183470446143279e+00	6.079301357753261215e+01	6.186916481368109544e+02
4.034287934927696107e-01	1.935728942427211919e-09	1.833400000000000000e+05	3.492332025721987634e+02	4.704124034038750892e+02	-1.135116662581485691e+00	5.849246810721731293e+01	4.040166282198565568e+02
4.136416420230641378e-01	1.939548508234753733e-09	1.763200000000000000e+05	3.318315618768649529e+02	4.355817179997349058e+02	4.524408628196250892e-01	5.628135196811599172e+01	4.610457014448443260e+02
4.241130300448008317e-01	1.942498235083600206e-09	1.695920000000000000e+05	3.152409369850087160e+02	4.032744057097690416e+02	2.737456627824601529e-01	5.415782766876568388e+01	4.180998761398135457e+02
4.348495025163657823e-01	1.944644568452392953e-09	1.632650000000000000e+05	2.998852017350073424e+02	3.738829905874588349e+02	6.804666990172605345e-01	5.211890230591952644e+01	4.093481679959709822e+02
4.458577700825556711e-01	1.946062520626644172e-09	1.572960000000000000e+05	2.856131002066885571e+02	3.470540575407994197e+02	-4.923843706161015743e-01	5.016053021996928152e+01	3.223557964386699268e+02
4.571447132689488435e-01	1.946832482936109298e-09	1.515250000000000000e+05	2.718569927359051235e+02	3.219680481446503109e+02	-1.513933295571823434e+00	5.012303011058514812e+01	2.460851239852864012e+02
